1
9
19
55
65
72
77
92
113
149
163
167
169
180
183
192
203
212
246
263
278
286
299
323
335
366
387
417
429
444
455
461
507
508
535
648
910
919
924
931
974
975
991
1007
1081
1191
1329
1363
1364
1379
1538
1681
1709
1715
1735
1969
1973
1997
2038
2039
2084
2085
2111
2134
2166
2237
2248
2251
2261
2519
2535
2554
2617
2622
2636
2640
2645
2659
2676
2694
2718
2726
2760
2907
3212
3221
3227
3228
3233
3237
3242
3246
3254
3269
3296
3307
3312
3342
3397
3408
3424
3444
3475
3500
3503
3512
3530
3552
3562
3581
3584
3588
