2
35
39
96
111
136
160
180
183
191
197
214
247
292
358
440
447
457
461
474
476
483
507
508
521
540
558
588
619
695
823
828
910
915
919
931
943
960
962
973
974
992
994
1000
1002
1005
1011
1018
1023
1026
1028
1061
1076
1081
1093
1120
1132
1363
1703
1711
1730
1759
1764
1799
1892
1968
1973
1980
1998
2021
2025
2027
2029
2032
2034
2039
2043
2052
2057
2062
2085
2093
2095
2101
2102
2105
2125
2134
2144
2148
2149
2150
2153
2162
2166
2168
2176
2231
2249
2252
2260
2271
2277
2336
2523
2534
2615
2633
2676
2795
2970
3236
3292
3316
3474
3507
3588
