5
35
58
111
151
180
183
207
212
245
258
333
366
368
409
445
449
461
488
508
536
538
541
551
557
560
569
576
588
597
607
627
656
665
673
680
711
739
768
785
857
864
898
910
924
931
975
992
1007
1046
1073
1080
1087
1097
1116
1148
1185
1201
1245
1277
1291
1314
1338
1346
1358
1369
1393
1445
1537
1544
1546
1550
1569
1621
1682
1683
1702
1713
1715
1719
1731
1776
1836
1875
1975
1980
1997
2039
2093
2111
2134
2166
2251
2271
2275
2284
2326
2353
2405
2440
2497
2508
2519
2522
2534
2544
2566
2581
2610
2611
2616
2623
2639
2651
2664
2672
2684
2691
2706
2714
2723
2735
2790
2823
2927
2963
3072
3106
3123
3191
3208
3224
3236
3282
3332
3350
3585
3587
3588
