3
12
15
39
41
56
76
109
111
113
118
131
136
137
151
156
163
167
172
179
180
183
203
211
219
230
242
245
251
258
268
278
300
311
361
396
412
420
445
459
461
464
507
521
522
525
540
586
671
741
812
899
910
916
919
931
973
975
985
988
1019
1046
1049
1069
1076
1104
1109
1191
1222
1234
1251
1320
1353
1364
1402
1429
1484
1542
1547
1552
1586
1612
1677
1681
1687
1706
1710
1715
1797
1969
1973
1980
2038
2039
2084
2111
2138
2144
2166
2176
2236
2255
2257
2291
2408
2526
2529
2565
2611
2623
2656
2691
2698
2727
2864
3159
3199
3209
3226
3236
3256
3269
3277
3280
3306
3316
3378
3414
3438
3469
3470
3498
3520
3550
3573
3584
3588
