5
58
111
163
180
183
186
188
194
197
199
206
212
229
242
333
459
472
482
490
497
503
505
508
512
530
535
540
910
919
922
924
931
934
935
945
955
963
965
973
976
989
999
1002
1005
1011
1015
1018
1024
1027
1031
1032
1039
1042
1048
1051
1060
1064
1080
1093
1101
1143
1208
1277
1363
1505
1547
1682
1692
1696
1697
1699
1973
1980
1983
1986
1995
2000
2004
2006
2012
2016
2019
2024
2028
2029
2034
2038
2087
2089
2092
2097
2102
2105
2110
2113
2117
2127
2130
2144
2149
2157
2159
2166
2246
2410
2535
2704
3236
3507
