5
23
82
137
163
179
180
183
204
217
224
250
255
272
289
301
308
320
324
330
337
339
348
357
359
372
377
388
405
408
423
435
449
453
460
462
470
495
509
516
522
532
535
552
574
582
607
630
647
697
740
831
906
908
913
922
927
950
961
971
975
992
995
1007
1052
1081
1226
1248
1328
1363
1506
1536
1584
1688
1703
1706
1708
1711
1721
1722
1735
1836
1850
1925
1969
1972
1973
1975
1976
1979
1980
1981
1997
2014
2039
2047
2051
2057
2062
2069
2076
2084
2117
2127
2132
2133
2134
2135
2139
2140
2144
2145
2165
2169
2170
2176
2230
2236
2249
2252
2318
2410
2519
2546
2690
3079
3283
3552
3588
