5
58
82
160
180
183
192
201
204
209
212
221
223
232
241
254
274
289
292
296
305
322
333
339
346
358
366
376
412
426
431
459
462
469
475
482
488
491
493
505
508
509
518
525
532
535
540
555
574
619
668
724
820
823
828
906
910
916
924
929
957
970
971
991
992
995
1008
1015
1019
1041
1048
1060
1069
1128
1226
1284
1363
1518
1542
1545
1547
1594
1688
1690
1706
1707
1708
1715
1735
1877
1969
1980
1997
2008
2039
2043
2052
2055
2062
2068
2075
2085
2115
2134
2135
2144
2163
2170
2176
2232
2237
2248
2250
2257
2271
2519
2535
2677
2907
3224
3283
3445
3552
3588
