2
5
11
13
19
27
52
54
66
76
78
84
89
110
131
143
146
151
155
159
163
168
171
176
179
180
183
192
207
210
212
214
230
241
271
288
295
298
305
308
316
329
360
401
455
459
460
462
488
510
521
531
535
542
575
640
711
736
752
789
813
846
864
907
909
910
911
916
924
931
971
973
974
983
986
989
992
995
1007
1374
1703
1708
1719
1756
1842
1877
1891
1901
1928
1959
1968
1969
1973
1980
1981
1997
2039
2042
2044
2046
2048
2050
2052
2053
2056
2058
2060
2062
2069
2071
2075
2077
2082
2085
2132
2133
2137
2138
2141
2144
2166
2172
2176
2177
2232
2241
2249
2256
2264
2268
2283
2401
2520
2522
2524
2526
2528
2535
2546
2550
2555
2569
2577
2612
2622
2636
2670
2690
2728
2737
2800
2826
2853
2949
3000
3068
3126
3161
3180
3200
3208
3213
3223
3228
3236
3242
3250
3259
3269
3282
3293
3310
3331
3348
3357
3390
3413
3456
3470
3498
3518
3530
3549
3562
3585
3588
