1
8
15
29
30
32
90
463
466
470
471
472
485
492
494
511
517
536
548
549
550
554
584
587
593
594
597
611
615
617
694
734
748
753
769
788
804
818
819
826
844
851
879
904
935
966
976
990
1020
1061
1092
1181
1304
1312
1313
1327
1329
1332
1339
1364
1366
1367
1394
1403
1496
1497
1498
1501
1502
1507
1509
1519
1521
1534
1559
1560
1595
1612
1632
1666
1674
1716
1838
1839
1844
1853
1899
1901
1908
1911
1962
1973
1991
2022
2032
2048
2067
2074
2116
2151
2173
2283
2298
2310
2335
2357
2365
2386
2479
2488
2496
2497
2539
2596
2604
2613
2633
2646
2754
2777
2779
