1
15
30
32
226
463
466
469
472
477
485
492
498
511
536
548
550
553
554
579
580
582
584
587
593
597
598
608
612
620
630
660
687
734
748
769
788
798
800
804
818
819
832
839
844
862
879
906
981
985
1044
1262
1308
1309
1312
1316
1319
1323
1327
1332
1339
1366
1381
1383
1384
1388
1390
1392
1395
1398
1399
1400
1401
1403
1406
1414
1418
1420
1425
1426
1432
1445
1448
1455
1462
1463
1466
1468
1470
1476
1480
1484
1487
1489
1491
1496
1497
1498
1502
1509
1517
1518
1521
1526
1530
1534
1559
1564
1595
1612
1632
1666
1674
1689
1716
1721
1725
1740
1753
1838
1839
1848
1867
1882
1899
1901
1908
1911
1926
1971
1991
2022
2032
2048
2067
2088
2135
2151
2192
2233
2238
2283
2298
2310
2349
2357
2365
2386
2395
2405
2412
2450
2488
2492
2497
2498
2502
2503
2526
2543
2554
2561
2571
2593
2596
2613
2646
2752
2770
2777
