1
15
25
30
32
48
335
463
466
470
472
473
494
512
528
531
548
549
553
557
576
578
580
582
587
593
597
608
612
614
617
619
638
660
675
687
734
769
788
798
800
804
808
818
819
828
832
839
844
854
866
879
886
904
906
915
922
925
966
981
985
990
1044
1060
1069
1092
1104
1149
1262
1304
1308
1309
1312
1316
1319
1323
1325
1329
1332
1339
1366
1372
1381
1383
1388
1393
1401
1406
1420
1437
1444
1462
1464
1470
1493
1496
1497
1498
1501
1502
1510
1517
1518
1522
1531
1534
1560
1595
1612
1632
1674
1689
1714
1721
1730
1788
1822
1825
1835
1842
1845
1867
1868
1873
1879
1882
1884
1899
1901
1908
1911
1926
1971
2022
2026
2048
2067
2088
2107
2135
2173
2192
2238
2298
2357
2365
2386
2395
2405
2435
2450
2476
2488
2495
2503
2526
2539
2543
2544
2552
2554
2558
2559
2560
2561
2562
2565
2570
2571
2573
2593
2596
2604
2633
2646
2713
2752
2754
2770
2777
2779
