1
15
30
32
47
463
466
470
482
492
498
511
547
558
583
593
597
608
612
619
638
666
687
734
769
788
798
800
807
818
828
832
839
844
910
966
972
978
985
1053
1059
1104
1149
1298
1308
1309
1312
1316
1319
1323
1327
1329
1332
1366
1381
1402
1406
1419
1428
1432
1436
1441
1448
1469
1473
1484
1489
1495
1501
1502
1509
1515
1532
1534
1564
1595
1612
1632
1666
1674
1676
1689
1727
1839
1841
1844
1866
1867
1868
1870
1873
1879
1882
1899
1901
1908
1911
1915
1950
1971
1991
2022
2026
2032
2048
2067
2088
2107
2135
2174
2192
2233
2238
2283
2298
2334
2357
2365
2386
2395
2403
2404
2405
2409
2412
2435
2440
2450
2451
2452
2456
2468
2475
2476
2479
2482
2488
2492
2496
2497
2502
2503
2526
2539
2543
2544
2546
2552
2554
2558
2561
2565
2571
2573
2593
2596
2604
2613
2633
2751
2754
2770
2777
