2
12
16
30
33
135
316
332
404
463
466
468
470
472
477
485
486
490
498
511
517
528
539
541
547
548
550
552
554
570
576
577
580
582
583
585
587
593
596
598
600
604
608
609
612
614
619
664
671
687
694
720
768
784
788
795
804
819
840
844
862
882
900
966
984
1062
1308
1313
1326
1327
1329
1332
1339
1363
1366
1371
1372
1373
1374
1381
1385
1393
1397
1399
1400
1449
1496
1497
1502
1510
1517
1520
1526
1531
1533
1535
1558
1579
1621
1627
1628
1630
1634
1640
1653
1654
1666
1675
1680
1686
1699
1704
1709
1712
1716
1720
1721
1726
1735
1739
1740
1741
1767
1778
1779
1784
1792
1811
1819
1820
1823
1824
1832
1845
1860
1883
1885
1888
1890
1896
1899
1908
1911
1915
1923
1971
1973
1982
2026
2032
2049
2058
2074
2089
2109
2135
2173
2181
2188
2190
2195
2218
2238
2283
2298
2333
2357
2365
2374
2386
2393
2403
2451
2456
2466
2476
2514
2517
2591
2593
2596
2612
2613
2614
2646
2661
2677
2691
2744
2747
2754
2764
2770
2777
