1
12
15
22
30
33
54
120
333
466
468
470
474
477
478
485
486
489
494
496
509
512
528
537
548
549
550
551
583
585
588
593
594
595
596
597
604
608
615
627
675
753
765
768
787
795
804
819
825
830
840
844
854
862
882
904
917
984
1062
1308
1313
1326
1327
1329
1332
1339
1363
1364
1366
1367
1371
1393
1394
1496
1497
1502
1509
1510
1511
1512
1514
1519
1521
1527
1534
1540
1557
1558
1559
1569
1621
1627
1628
1629
1630
1640
1675
1680
1686
1689
1698
1716
1746
1747
1770
1778
1779
1795
1839
1840
1885
1888
1894
1895
1899
1901
1908
1911
1915
1965
2032
2049
2058
2074
2107
2135
2151
2357
2374
2386
2456
2472
2596
2612
2661
2691
2747
2770
2779
