1
15
30
33
41
48
148
463
466
470
477
479
492
496
510
514
515
517
524
527
528
532
533
537
547
550
552
554
577
579
580
581
582
584
587
591
593
597
598
608
612
619
634
675
687
739
788
795
804
819
840
858
882
966
1062
1153
1325
1327
1331
1333
1363
1365
1368
1370
1371
1373
1374
1375
1383
1388
1390
1391
1392
1394
1395
1399
1400
1406
1414
1418
1431
1433
1437
1444
1445
1448
1449
1459
1462
1463
1468
1493
1496
1497
1498
1501
1502
1505
1507
1509
1510
1517
1520
1526
1534
1560
1632
1633
1666
1689
1725
1736
1753
1801
1811
1838
1842
1851
1884
1899
1908
1911
1915
1923
1971
1981
2026
2032
2074
2088
2107
2116
2135
2151
2192
2238
2283
2298
2333
2357
2365
2386
2407
2451
2492
2593
2596
2646
2770
2777
