1
8
15
30
32
40
41
42
51
59
73
257
335
356
454
463
464
466
468
470
476
492
498
511
521
536
549
552
571
587
593
594
597
598
608
611
612
613
614
618
622
636
637
681
687
693
736
739
788
792
795
796
798
799
800
801
806
813
820
832
840
862
866
893
915
928
966
969
970
977
991
1007
1009
1045
1103
1115
1147
1254
1267
1291
1297
1298
1304
1305
1306
1308
1309
1310
1327
1329
1332
1339
1364
1366
1367
1495
1502
1509
1514
1534
1573
1612
1617
1625
1632
1662
1666
1678
1689
1693
1696
1727
1781
1785
1791
1792
1801
1806
1838
1842
1845
1888
1890
1899
1908
1911
1915
1923
1925
1926
1935
1941
1950
1962
1963
1971
1973
1977
1978
1981
1983
2000
2016
2019
2026
2032
2074
2087
2088
2107
2130
2135
2151
2185
2189
2192
2210
2238
2283
2298
2300
2315
2333
2357
2363
2365
2368
2374
2377
2378
2383
2386
2388
2391
2394
2422
2451
2456
2503
2509
2531
2533
2549
2593
2596
2615
2616
2627
2645
2747
2769
2770
2777
