1
8
15
19
30
32
34
40
45
77
113
318
323
335
444
463
464
465
466
468
470
476
486
498
511
517
521
536
549
552
571
587
593
594
597
598
608
611
612
613
614
619
621
622
623
635
636
637
667
681
687
713
719
738
739
762
766
788
795
799
800
804
806
807
812
813
815
816
819
820
822
830
836
840
843
846
862
864
866
882
884
907
910
922
930
931
966
967
969
971
976
977
978
981
985
988
991
1003
1004
1006
1009
1011
1045
1051
1053
1060
1070
1102
1122
1149
1306
1308
1309
1310
1327
1332
1339
1366
1495
1502
1509
1514
1534
1560
1573
1612
1614
1617
1625
1632
1635
1658
1661
1662
1666
1668
1678
1689
1690
1693
1696
1697
1703
1723
1725
1727
1785
1789
1790
1792
1794
1797
1800
1806
1811
1823
1828
1830
1838
1842
1851
1884
1888
1890
1899
1908
1911
1915
1923
1971
1982
2026
2032
2074
2087
2088
2107
2135
2151
2192
2238
2283
2298
2300
2334
2351
2357
2365
2386
2451
2492
2533
2593
2596
2633
2646
2770
2777
