1
15
25
32
45
81
88
318
436
439
441
442
443
444
446
447
448
449
451
452
453
454
456
458
459
460
462
463
464
465
466
468
469
470
476
486
492
494
498
505
511
517
521
536
549
552
571
587
593
594
597
598
608
611
612
613
614
615
619
621
622
623
630
631
634
635
636
637
641
645
661
662
665
667
673
675
681
682
683
687
688
689
691
693
694
695
696
697
698
701
702
711
713
719
722
723
725
728
730
731
735
736
737
738
739
741
748
749
750
751
753
758
762
766
785
788
790
795
799
800
804
805
806
807
811
812
813
814
815
816
819
820
822
825
826
828
830
836
838
840
842
843
846
847
848
849
850
851
852
853
854
855
856
858
860
861
862
863
864
866
867
868
869
872
873
874
875
876
877
878
882
884
892
893
894
895
896
897
898
899
900
901
902
903
904
905
907
908
909
910
912
913
914
917
918
921
922
923
926
927
928
929
930
931
932
933
934
935
937
940
977
978
980
985
1004
1043
1103
1119
1269
1270
1288
1303
1304
1329
1332
1339
1364
1366
1502
1509
1514
1534
1560
1573
1612
1666
1678
1693
1725
1727
1739
1888
1899
1908
1911
1923
2032
2074
2087
2107
2151
2298
2357
2492
2777
