1
15
19
30
33
148
463
466
469
470
476
492
494
511
521
536
549
552
571
584
587
593
594
597
598
606
612
614
615
618
619
623
630
638
659
660
661
662
673
675
679
686
700
735
740
747
787
788
795
801
804
810
813
816
819
821
823
826
833
838
840
858
882
901
908
913
915
988
1062
1153
1297
1313
1316
1321
1327
1329
1332
1339
1364
1366
1495
1502
1509
1514
1534
1559
1632
1666
1689
1725
1801
1838
1842
1851
1883
1899
1908
1911
1915
1923
1971
1998
2026
2032
2041
2074
2088
2107
2116
2135
2151
2192
2238
2283
2285
2298
2333
2357
2365
2386
2401
2403
2452
2497
2593
2596
2612
2615
2617
2633
2646
2715
2770
2777
2780
2782
