1
15
30
33
44
100
138
160
463
464
466
470
476
492
498
511
521
549
552
571
587
593
597
598
612
619
630
687
780
788
792
794
795
806
813
819
823
833
839
862
887
907
980
988
1327
1329
1332
1339
1366
1422
1464
1495
1502
1509
1534
1560
1632
1659
1666
1689
1725
1845
1899
1908
1911
1920
1959
1970
1973
1975
1977
1995
1999
2003
2006
2032
2047
2048
2054
2062
2074
2088
2098
2107
2135
2144
2151
2202
2208
2209
2210
2218
2220
2222
2223
2229
2234
2238
2243
2246
2248
2250
2254
2269
2273
2275
2276
2283
2287
2294
2295
2297
2298
2299
2303
2304
2319
2321
2322
2323
2324
2329
2333
2338
2352
2353
2354
2355
2357
2359
2362
2363
2364
2365
2366
2374
2377
2378
2379
2380
2383
2386
2389
2390
2391
2392
2393
2395
2397
2398
2401
2402
2406
2407
2409
2411
2412
2413
2414
2424
2429
2432
2450
2452
2457
2464
2495
2507
2583
2593
2597
2608
2632
2670
2677
2758
2764
2777
2780
