1
15
22
30
33
44
47
246
469
470
494
511
517
549
552
597
598
608
645
675
687
753
788
790
826
839
845
856
886
930
931
946
955
989
1332
1339
1366
1514
1534
1559
1659
1666
1725
1842
1900
1908
1971
1973
2049
2283
2357
2385
2394
2519
2596
2615
2628
2630
2632
2633
2634
2635
2636
2637
2644
2646
2647
2648
2649
2650
2651
2652
2654
2655
2658
2659
2660
2661
2662
2664
2665
2666
2667
2668
2669
2670
2671
2672
2673
2674
2676
2677
2679
2680
2683
2684
2685
2686
2687
2688
2690
2691
2692
2693
2696
2697
2699
2700
2704
2706
2708
2709
2719
2725
2726
2728
2735
2741
2743
2756
2758
2759
2762
2764
2768
2770
2777
2778
2779
2780
