11
16
26
30
33
42
51
73
98
166
268
322
324
329
367
408
428
463
464
466
467
468
470
476
492
498
511
521
549
552
571
587
593
596
598
606
612
619
630
642
675
687
696
703
735
758
764
768
786
792
796
799
825
836
840
844
858
866
882
897
906
969
976
998
1004
1010
1062
1100
1111
1141
1219
1304
1309
1310
1313
1317
1327
1329
1332
1339
1364
1366
1367
1502
1507
1509
1514
1534
1559
1574
1632
1666
1680
1688
1690
1725
1778
1831
1833
1838
1848
1863
1884
1899
1908
1911
1923
1953
1971
1975
1977
1978
1981
1983
2001
2012
2016
2030
2032
2038
2041
2050
2057
2058
2070
2071
2074
2078
2086
2089
2096
2102
2107
2129
2130
2139
2144
2153
2155
2189
2190
2192
2208
2210
2218
2238
2244
2255
2267
2297
2315
2321
2327
2333
2337
2353
2357
2365
2374
2378
2382
2383
2384
2390
2394
2407
2410
2417
2423
2435
2438
2452
2517
2527
2532
2546
2570
2593
2596
2619
2633
2645
2746
2747
2770
2777
