15
16
26
30
33
44
51
103
219
220
226
304
325
335
357
385
463
464
466
470
476
488
494
498
511
521
549
552
571
593
597
598
606
608
612
614
615
619
630
666
675
677
681
687
689
694
749
781
788
795
806
826
844
882
906
961
966
976
987
1003
1051
1062
1149
1162
1180
1206
1265
1304
1313
1317
1327
1332
1339
1366
1367
1495
1502
1509
1514
1534
1560
1617
1632
1635
1666
1689
1695
1696
1727
1791
1801
1831
1838
1842
1851
1855
1862
1884
1899
1908
1911
1915
1923
1971
2026
2032
2074
2107
2116
2135
2151
2192
2238
2283
2298
2333
2357
2386
2451
2593
2596
2646
2770
2777
