15
22
30
33
48
54
466
469
470
476
492
498
511
521
536
549
552
571
587
593
597
598
606
608
611
612
613
619
629
694
743
765
788
790
795
798
812
815
826
837
841
882
906
966
1062
1125
1313
1327
1329
1332
1339
1364
1366
1367
1495
1502
1509
1514
1534
1559
1560
1632
1666
1686
1690
1693
1725
1727
1785
1801
1838
1842
1845
1884
1890
1899
1908
1911
1915
1923
1965
1971
2026
2032
2074
2088
2107
2116
2135
2151
2182
2192
2218
2238
2283
2298
2334
2337
2357
2365
2386
2401
2404
2544
2593
2596
2615
2633
2646
2770
2777
