15
25
30
32
43
47
137
268
272
273
300
308
318
357
462
463
466
469
470
476
492
498
511
517
549
552
571
587
593
594
597
598
612
619
630
675
694
763
788
795
798
804
814
819
840
843
857
889
893
966
1004
1062
1327
1329
1332
1339
1366
1367
1495
1502
1509
1534
1559
1632
1666
1689
1703
1725
1801
1838
1842
1845
1851
1884
1899
1908
1911
1915
1923
1971
2000
2026
2032
2053
2074
2088
2100
2107
2135
2151
2167
2182
2189
2192
2238
2243
2281
2283
2291
2333
2353
2357
2375
2386
2388
2390
2394
2406
2412
2445
2462
2489
2492
2495
2502
2511
2514
2572
2593
2596
2599
2633
2639
2747
2758
2759
2777
2782
