15
16
25
30
32
42
51
56
180
182
242
268
317
323
324
345
382
386
392
408
409
410
461
463
465
466
470
476
498
511
536
549
552
571
587
593
594
598
612
619
629
694
761
763
776
788
794
795
807
826
839
845
878
882
887
890
906
966
967
969
980
1004
1047
1055
1058
1062
1070
1103
1262
1313
1327
1332
1333
1364
1366
1367
1425
1444
1495
1502
1509
1514
1534
1560
1590
1612
1632
1666
1675
1689
1703
1723
1725
1801
1842
1845
1884
1899
1908
1911
1915
1923
1942
1968
1971
1996
2000
2013
2018
2026
2032
2053
2057
2074
2088
2100
2107
2135
2144
2151
2189
2192
2238
2243
2281
2283
2287
2334
2353
2357
2367
2371
2374
2377
2386
2390
2394
2406
2440
2462
2485
2593
2599
2609
2615
2616
2633
2639
2646
2671
2679
2696
2747
2758
2759
2772
2774
2777
2780
2782
