15
17
28
30
33
43
49
73
87
109
132
137
153
160
180
202
268
308
317
323
342
396
424
463
464
466
469
470
472
476
477
485
491
498
511
517
521
549
550
553
554
576
577
580
582
584
587
593
594
597
598
611
612
620
630
687
766
788
798
814
819
825
840
858
882
889
966
1062
1297
1306
1313
1324
1327
1329
1332
1339
1369
1372
1378
1384
1389
1399
1401
1413
1415
1416
1421
1428
1434
1440
1445
1453
1468
1480
1496
1498
1502
1509
1515
1520
1524
1528
1531
1534
1558
1626
1632
1666
1669
1689
1693
1725
1801
1838
1851
1884
1899
1959
1969
1970
1990
1999
2006
2008
2027
2029
2047
2048
2054
2057
2060
2070
2074
2091
2107
2122
2124
2131
2140
2146
2152
2158
2162
2171
2177
2185
2193
2208
2224
2226
2230
2238
2247
2254
2276
2280
2282
2291
2303
2333
2344
2356
2366
2371
2373
2375
2378
2381
2386
2390
2394
2397
2406
2413
2415
2418
2437
2441
2444
2472
2494
2523
2530
2553
2569
2572
2585
2588
2593
2633
2645
2669
2702
2707
2761
2777
