2
15
30
32
33
36
47
48
51
64
74
75
76
85
86
102
111
113
136
140
160
161
174
177
189
192
223
258
273
279
285
293
308
316
323
327
330
382
410
427
463
464
466
469
470
476
489
492
498
511
517
521
549
552
571
587
593
594
597
598
611
612
619
645
675
687
753
764
766
782
788
795
799
814
819
840
858
882
943
966
1062
1093
1121
1204
1283
1306
1327
1329
1339
1366
1367
1495
1502
1509
1514
1534
1561
1620
1625
1632
1666
1669
1690
1693
1714
1725
1753
1823
1838
1851
1884
1899
1908
1971
2024
2032
2057
2074
2087
2130
2173
2238
2283
2300
2333
2357
2386
2469
2533
2593
2633
2646
2713
2777
