2
15
28
30
33
47
51
54
61
64
68
73
75
79
106
137
160
186
217
221
242
259
285
311
314
318
323
327
329
341
349
410
461
463
466
469
470
476
489
498
511
517
536
549
552
571
593
594
597
598
611
612
619
645
667
687
753
764
766
788
791
799
804
814
819
840
843
882
889
963
981
1266
1313
1327
1332
1339
1364
1366
1367
1495
1502
1509
1514
1534
1559
1620
1632
1666
1689
1693
1703
1725
1801
1823
1838
1851
1899
1909
1911
1920
1923
1929
1955
1967
1970
1976
1992
2002
2006
2009
2014
2024
2028
2029
2030
2047
2048
2053
2054
2058
2060
2064
2070
2083
2087
2100
2105
2108
2130
2143
2146
2152
2172
2175
2185
2192
2203
2208
2212
2220
2222
2225
2237
2247
2256
2265
2277
2280
2281
2283
2286
2288
2297
2320
2331
2358
2372
2375
2386
2397
2417
2418
2424
2430
2434
2450
2451
2457
2462
2492
2503
2517
2531
2546
2550
2585
2587
2593
2598
2633
2669
2686
2707
2757
2762
2765
2777
