1
20
22
33
36
49
51
54
275
311
317
320
464
466
469
470
491
494
511
536
549
552
587
594
597
598
608
630
753
774
819
826
840
858
1062
1325
1327
1329
1332
1339
1366
1367
1433
1434
1439
1448
1495
1502
1534
1560
1626
1632
1666
1727
1845
1899
1943
1969
1970
1971
1973
1975
1976
1977
1978
1980
1981
1983
1990
1992
1993
1994
1997
1999
2000
2002
2005
2006
2007
2008
2009
2010
2011
2012
2014
2015
2023
2024
2025
2026
2027
2028
2029
2030
2032
2033
2034
2035
2036
2037
2047
2048
2049
2053
2054
2056
2057
2058
2060
2061
2063
2064
2065
2066
2068
2069
2070
2071
2072
2073
2074
2075
2076
2077
2078
2079
2081
2082
2083
2084
2085
2086
2087
2088
2089
2090
2091
2092
2093
2094
2095
2097
2098
2099
2100
2101
2105
2106
2107
2108
2109
2110
2111
2112
2113
2114
2115
2116
2117
2118
2119
2120
2121
2122
2123
2124
2125
2126
2127
2128
2130
2131
2132
2133
2134
2135
2136
2137
2138
2139
2140
2141
2142
2143
2146
2148
2151
2152
2153
2154
2155
2156
2158
2159
2160
2161
2162
2163
2164
2165
2166
2167
2168
2169
2170
2171
2172
2173
2174
2175
2176
2177
2178
2179
2191
2201
2243
2247
2353
2355
2357
2385
2586
2596
2623
2777
