15
17
25
28
30
32
41
46
48
49
64
73
113
118
124
137
317
323
392
424
461
463
464
466
470
476
491
498
511
521
552
571
587
593
594
597
598
612
619
630
675
687
782
788
795
799
807
819
840
843
966
1062
1185
1306
1308
1313
1327
1329
1332
1339
1366
1390
1438
1463
1471
1480
1495
1502
1509
1524
1534
1560
1616
1632
1666
1669
1689
1693
1703
1714
1725
1727
1801
1824
1838
1842
1845
1884
1899
1923
1970
1975
1990
1999
2000
2006
2008
2024
2032
2047
2048
2053
2057
2060
2061
2069
2073
2074
2089
2106
2131
2141
2143
2152
2171
2177
2179
2182
2185
2190
2195
2199
2208
2211
2212
2220
2225
2237
2243
2247
2254
2256
2259
2265
2271
2279
2280
2281
2283
2286
2291
2296
2301
2320
2331
2334
2337
2338
2339
2344
2352
2353
2356
2357
2359
2364
2375
2378
2381
2386
2390
2391
2394
2395
2411
2412
2415
2418
2430
2451
2453
2458
2460
2467
2469
2472
2501
2502
2510
2523
2530
2544
2551
2560
2582
2585
2588
2603
2619
2639
2646
2670
2731
2758
2767
2777
