1
12
15
30
33
39
47
48
113
175
306
324
339
451
463
466
468
469
470
476
490
493
497
502
507
511
517
521
536
549
552
563
587
593
594
597
598
607
609
612
619
622
630
675
687
704
760
765
788
798
819
840
851
882
942
966
969
972
987
1007
1035
1062
1105
1313
1315
1325
1326
1327
1329
1332
1339
1366
1390
1409
1414
1439
1441
1446
1461
1463
1471
1489
1495
1502
1524
1533
1534
1561
1595
1612
1619
1626
1627
1634
1636
1637
1639
1642
1644
1652
1656
1662
1663
1666
1686
1690
1696
1704
1705
1707
1712
1716
1722
1724
1741
1748
1784
1804
1811
1815
1817
1819
1820
1824
1826
1830
1833
1838
1840
1845
1871
1889
1891
1895
1899
1911
1923
1971
1990
2028
2032
2074
2088
2116
2135
2150
2151
2192
2233
2238
2283
2298
2334
2357
2386
2400
2435
2451
2469
2492
2507
2589
2612
2614
2616
2633
2645
2667
2777
