1
15
30
33
47
152
186
252
318
322
325
463
466
469
470
476
492
494
498
511
517
521
552
563
571
587
593
594
597
598
611
612
619
630
687
691
705
713
715
732
753
788
795
807
818
821
826
840
858
882
984
993
995
1003
1004
1009
1062
1111
1309
1313
1327
1332
1334
1359
1366
1389
1390
1410
1414
1425
1428
1432
1436
1439
1448
1459
1466
1471
1479
1490
1495
1502
1509
1514
1517
1524
1560
1666
1672
1681
1689
1703
1709
1725
1753
1789
1801
1833
1845
1851
1884
1898
1903
1908
1915
1923
1971
1989
2032
2058
2060
2074
2088
2107
2135
2145
2151
2174
2192
2238
2283
2298
2306
2334
2365
2386
2492
2531
2596
2612
2633
2646
2772
2775
2777
