1
7
15
22
30
31
33
47
67
251
323
463
465
466
470
476
490
492
498
511
517
521
549
552
563
571
587
593
594
597
598
602
604
605
609
611
612
619
630
675
687
706
753
788
795
799
819
840
858
1062
1313
1327
1329
1332
1336
1366
1367
1380
1389
1408
1414
1415
1425
1428
1431
1432
1441
1447
1448
1451
1463
1471
1489
1495
1502
1509
1514
1524
1528
1532
1535
1558
1564
1565
1567
1569
1575
1579
1585
1594
1596
1599
1610
1619
1622
1625
1632
1641
1646
1666
1689
1703
1727
1740
1785
1790
1801
1802
1809
1813
1833
1838
1851
1863
1880
1881
1884
1896
1899
1908
1915
1923
1971
2026
2032
2074
2088
2135
2174
2238
2283
2298
2334
2357
2386
2406
2451
2596
2633
2770
2777
