1
15
22
30
33
43
47
54
73
101
136
267
273
289
304
325
327
360
392
463
466
470
476
498
511
517
521
536
549
552
563
587
593
594
597
611
612
619
630
637
675
687
692
704
753
765
768
788
792
795
798
812
819
834
840
848
881
924
937
966
975
981
988
1062
1080
1308
1313
1327
1329
1332
1339
1366
1389
1408
1411
1412
1414
1415
1425
1426
1432
1437
1439
1445
1455
1461
1464
1471
1480
1490
1495
1502
1509
1514
1524
1534
1559
1574
1612
1632
1666
1689
1725
1753
1801
1819
1838
1840
1842
1848
1862
1884
1899
1908
1911
1923
1971
2026
2032
2041
2050
2074
2088
2089
2107
2109
2116
2135
2151
2192
2218
2238
2267
2283
2298
2333
2357
2365
2386
2440
2451
2466
2514
2517
2593
2596
2612
2633
2770
2775
2777
