5
12
15
27
30
33
39
40
47
137
317
463
464
466
470
476
490
494
496
511
517
521
536
549
552
563
587
593
594
597
598
607
612
619
645
687
753
788
819
822
825
840
858
882
966
1038
1062
1153
1313
1327
1329
1332
1339
1366
1389
1390
1410
1414
1415
1418
1426
1431
1434
1437
1439
1448
1453
1461
1464
1471
1473
1480
1489
1495
1502
1509
1514
1524
1531
1534
1559
1590
1609
1620
1632
1647
1653
1656
1666
1689
1711
1725
1764
1782
1783
1787
1788
1799
1809
1826
1834
1838
1845
1872
1880
1882
1884
1899
1908
1915
1923
1971
2026
2032
2074
2088
2107
2116
2135
2151
2192
2238
2283
2298
2333
2357
2365
2386
2451
2492
2593
2596
2614
2633
2646
2770
2777
