1
8
13
15
30
33
38
39
72
78
104
113
175
252
255
257
297
325
327
343
404
463
466
468
469
470
476
488
492
495
500
502
506
511
517
521
536
552
571
587
593
597
598
607
612
619
621
622
630
667
687
694
707
753
765
788
795
798
812
840
858
862
882
942
966
969
1007
1062
1115
1304
1306
1308
1313
1315
1327
1329
1332
1339
1366
1495
1502
1509
1514
1533
1535
1559
1561
1590
1595
1612
1619
1627
1636
1640
1642
1652
1653
1654
1656
1663
1666
1686
1690
1697
1703
1705
1707
1712
1715
1722
1727
1733
1736
1740
1783
1785
1789
1790
1803
1819
1826
1838
1840
1841
1842
1851
1882
1886
1888
1891
1896
1899
1908
1915
1923
1990
1998
2012
2020
2028
2032
2074
2088
2135
2151
2192
2238
2283
2335
2369
2371
2374
2386
2402
2451
2466
2470
2507
2529
2570
2592
2593
2596
2601
2612
2633
2646
2684
2696
2752
2777
