1
2
13
21
25
45
51
262
266
317
318
376
416
463
467
470
475
492
496
511
521
532
536
549
594
597
758
767
826
840
856
906
912
913
914
916
917
918
921
922
927
928
929
930
931
932
934
935
936
937
938
939
940
941
942
943
944
945
946
947
948
949
950
951
952
953
954
955
956
957
958
959
960
961
962
963
964
966
967
968
969
970
971
972
973
974
975
976
977
978
980
981
985
988
990
991
992
993
999
1000
1001
1003
1004
1005
1006
1007
1008
1009
1010
1011
1013
1014
1015
1016
1017
1019
1020
1023
1024
1025
1026
1027
1028
1030
1033
1036
1037
1041
1042
1043
1044
1045
1046
1047
1048
1049
1051
1052
1056
1057
1058
1059
1060
1062
1068
1069
1070
1071
1072
1073
1074
1076
1077
1078
1079
1080
1081
1082
1083
1084
1085
1087
1091
1092
1094
1095
1096
1097
1098
1099
1100
1102
1103
1104
1106
1109
1110
1111
1112
1113
1116
1119
1120
1121
1122
1123
1124
1125
1126
1127
1128
1131
1132
1133
1134
1135
1136
1137
1139
1140
1141
1163
1309
1327
1329
1332
1335
1364
1502
1509
1519
1535
1559
1568
1670
1710
1730
1760
1814
1844
1899
1971
2057
2074
2114
2192
2533
2777
2779
