1
5
11
15
30
33
47
51
61
73
174
226
273
302
309
313
322
330
335
374
436
463
464
466
467
470
471
475
476
489
492
496
505
511
517
521
552
571
587
594
596
598
611
612
621
630
667
681
689
693
695
699
753
764
788
795
799
805
812
819
821
836
840
842
846
866
882
898
916
930
934
966
969
971
975
990
1006
1044
1056
1060
1081
1309
1313
1317
1320
1327
1332
1335
1364
1367
1425
1495
1502
1509
1519
1526
1527
1530
1533
1535
1561
1567
1573
1590
1594
1611
1614
1617
1632
1658
1666
1670
1689
1693
1703
1710
1727
1758
1763
1788
1800
1812
1813
1824
1833
1838
1848
1853
1881
1885
1899
1911
1971
2024
2032
2041
2074
2087
2130
2173
2192
2298
2333
2357
2386
2492
2533
2639
2642
2741
2775
2777
