3
9
15
18
30
32
34
37
40
41
51
175
262
292
463
465
466
468
470
476
487
491
496
506
510
511
517
521
549
552
577
587
593
597
598
605
607
609
612
619
622
634
675
753
764
787
806
814
819
840
864
882
908
966
981
1062
1286
1307
1313
1325
1327
1329
1332
1351
1366
1405
1495
1502
1524
1526
1531
1533
1538
1558
1561
1594
1629
1630
1631
1632
1640
1642
1646
1653
1656
1666
1669
1670
1693
1696
1704
1710
1722
1726
1783
1788
1792
1793
1806
1809
1811
1838
1842
1851
1862
1868
1881
1885
1889
1899
1915
1923
2030
2088
2107
2112
2135
2173
2174
2192
2238
2281
2283
2333
2386
2457
2507
2517
2578
2596
2646
2677
2758
2777
