1
8
10
15
30
32
34
36
39
44
54
73
160
222
323
405
416
419
422
458
463
466
468
470
476
487
489
491
495
497
511
517
549
552
571
587
594
596
598
607
608
612
620
630
675
753
770
771
780
819
840
882
969
1004
1062
1286
1307
1313
1315
1324
1326
1332
1339
1366
1380
1495
1502
1526
1535
1561
1586
1593
1595
1604
1613
1620
1625
1626
1630
1634
1638
1642
1645
1646
1648
1650
1654
1660
1666
1669
1675
1681
1687
1693
1708
1710
1714
1720
1725
1774
1782
1786
1790
1795
1800
1805
1818
1827
1833
1836
1838
1840
1843
1851
1858
1863
1869
1878
1880
1881
1884
1885
1890
1894
1899
1915
1923
1971
1992
2026
2032
2074
2107
2135
2151
2192
2238
2283
2298
2334
2357
2386
2451
2596
2633
2646
2777
