5
15
30
33
34
51
220
262
316
449
456
463
466
468
470
476
498
507
511
517
521
549
552
571
587
593
597
598
611
613
619
630
667
687
698
701
720
753
768
782
788
795
811
814
819
838
840
882
906
921
966
1007
1062
1078
1080
1084
1104
1248
1313
1314
1316
1327
1329
1332
1339
1366
1367
1495
1502
1509
1534
1559
1560
1561
1567
1594
1632
1666
1672
1708
1727
1827
1837
1840
1841
1842
1845
1847
1851
1884
1895
1899
1904
1915
1923
1971
2032
2041
2074
2088
2116
2135
2174
2192
2218
2238
2283
2298
2334
2386
2451
2593
2612
2633
2667
2713
2746
2775
2777
