1
15
22
30
33
48
78
90
101
463
466
469
470
476
498
517
521
536
549
552
571
585
587
593
594
597
598
603
606
610
612
613
615
619
620
630
667
687
753
765
780
788
795
798
819
838
840
882
906
925
928
966
982
1061
1072
1313
1327
1332
1339
1366
1495
1502
1509
1514
1531
1533
1535
1560
1619
1632
1666
1672
1686
1693
1714
1727
1818
1838
1845
1890
1891
1895
1899
1908
1915
1923
1971
2026
2032
2074
2088
2107
2115
2135
2151
2182
2187
2192
2218
2238
2283
2285
2298
2333
2337
2357
2365
2386
2404
2466
2593
2596
2605
2615
2633
2646
2770
2777
