1
15
25
33
40
47
101
174
199
263
308
386
388
463
466
468
470
471
477
485
498
511
517
549
550
552
554
559
571
578
580
582
584
587
593
594
597
598
608
611
612
621
630
681
694
753
758
788
795
799
819
840
882
966
1062
1308
1313
1327
1332
1339
1367
1372
1381
1388
1392
1400
1413
1417
1421
1434
1438
1456
1464
1470
1478
1490
1495
1497
1499
1501
1502
1507
1509
1510
1513
1518
1519
1523
1526
1530
1533
1560
1629
1630
1656
1666
1689
1720
1727
1753
1787
1801
1807
1838
1845
1884
1899
1908
1915
1923
2026
2032
2074
2088
2135
2173
2192
2238
2283
2298
2310
2334
2357
2386
2451
2551
2566
2596
2633
2644
2646
2777
