1
15
30
33
128
186
187
228
317
321
324
463
466
470
476
492
498
517
521
547
549
552
558
587
593
594
597
598
611
612
619
630
687
697
706
753
788
795
804
819
830
836
840
842
882
966
984
995
1309
1313
1327
1329
1333
1334
1349
1360
1361
1364
1367
1380
1381
1402
1417
1418
1432
1441
1473
1484
1495
1502
1514
1517
1532
1560
1632
1666
1672
1679
1681
1689
1709
1725
1801
1838
1842
1851
1884
1898
1907
1911
1923
1971
1985
2032
2074
2107
2116
2135
2151
2192
2238
2283
2308
2333
2357
2386
2451
2495
2528
2596
2612
2633
2646
2773
2775
2777
2783
