1
7
15
30
34
37
51
285
318
330
359
458
463
466
468
470
476
498
507
511
512
517
521
552
571
587
594
597
598
604
608
612
613
619
630
667
687
694
734
737
753
764
765
769
786
788
795
798
812
819
835
838
840
848
881
905
965
980
984
1024
1062
1307
1313
1314
1316
1319
1327
1332
1339
1366
1367
1495
1502
1514
1534
1538
1560
1561
1579
1597
1632
1666
1672
1690
1695
1708
1727
1801
1811
1827
1830
1837
1838
1840
1842
1845
1878
1881
1890
1899
1904
1911
1915
1922
1925
1938
1939
1962
1969
1971
1973
1974
1990
1994
1996
2001
2004
2020
2025
2028
2030
2040
2053
2064
2070
2074
2086
2088
2107
2118
2125
2151
2178
2185
2186
2187
2190
2192
2211
2234
2238
2260
2283
2286
2298
2307
2334
2365
2369
2372
2381
2386
2390
2394
2431
2443
2451
2461
2469
2497
2509
2527
2549
2593
2612
2617
2619
2633
2640
2647
2664
2671
2695
2707
2742
2753
2758
2765
2770
2775
2777
