7
11
15
30
31
37
54
109
323
431
463
465
466
469
470
476
490
498
511
517
521
549
552
571
587
593
594
597
598
602
604
609
612
619
645
675
687
703
753
788
795
801
819
840
882
966
1062
1286
1313
1327
1332
1334
1366
1380
1495
1502
1509
1527
1531
1532
1535
1558
1559
1563
1564
1566
1573
1575
1582
1583
1595
1599
1601
1611
1626
1632
1646
1666
1725
1740
1785
1790
1801
1813
1824
1833
1838
1842
1845
1880
1885
1899
1908
1911
1915
1923
1971
2026
2032
2074
2088
2107
2116
2135
2151
2192
2238
2283
2298
2333
2357
2365
2386
2393
2406
2451
2593
2596
2633
2646
2770
2777
