2
11
15
30
34
148
327
422
463
466
470
472
476
485
497
500
511
517
521
549
552
571
581
587
593
594
597
598
599
612
619
630
675
687
699
754
763
767
774
775
788
795
812
819
840
858
879
900
966
988
1062
1313
1315
1324
1327
1332
1339
1366
1374
1381
1405
1410
1432
1437
1448
1451
1463
1471
1480
1495
1502
1510
1516
1523
1527
1534
1559
1572
1595
1632
1643
1653
1655
1666
1699
1702
1711
1717
1725
1740
1758
1766
1784
1790
1833
1838
1845
1851
1874
1881
1899
1908
1911
1923
1971
2018
2026
2032
2057
2074
2088
2107
2116
2135
2151
2192
2238
2283
2298
2333
2357
2365
2386
2409
2451
2499
2596
2616
2646
2707
2777
