1
15
22
30
33
54
101
235
463
466
470
472
477
478
483
485
498
511
517
521
546
550
556
577
579
582
584
587
593
597
598
611
612
619
630
675
687
753
765
768
788
792
798
799
819
834
840
881
947
1105
1308
1313
1324
1327
1332
1339
1366
1367
1372
1378
1386
1391
1397
1400
1407
1413
1415
1426
1431
1441
1447
1458
1463
1465
1470
1473
1475
1479
1490
1494
1496
1498
1499
1501
1502
1507
1510
1513
1519
1522
1525
1526
1531
1534
1560
1612
1632
1666
1689
1725
1819
1838
1840
1845
1848
1884
1899
1915
1950
2026
2032
2050
2074
2088
2107
2116
2135
2173
2192
2238
2283
2298
2334
2357
2386
2466
2578
2612
2633
2646
2775
2777
