15
25
30
33
54
148
463
466
469
472
478
482
485
492
498
511
517
521
536
550
552
553
554
579
582
584
587
593
594
597
598
611
612
619
630
675
687
788
795
819
830
840
858
882
966
1313
1327
1332
1339
1366
1370
1375
1382
1388
1391
1395
1397
1400
1405
1407
1409
1411
1413
1420
1425
1428
1437
1438
1441
1448
1452
1461
1465
1471
1480
1492
1495
1499
1502
1507
1513
1518
1519
1522
1526
1531
1534
1559
1632
1666
1689
1703
1725
1753
1838
1845
1851
1884
1899
1911
1971
2032
2074
2088
2116
2135
2173
2192
2238
2283
2298
2334
2357
2386
2451
2593
2633
2646
2777
