1
15
22
30
33
148
463
466
470
472
477
478
498
511
517
521
551
552
555
579
580
582
584
587
593
594
597
598
612
619
630
675
694
753
788
819
882
966
1062
1313
1327
1332
1339
1366
1369
1376
1388
1389
1390
1392
1395
1397
1399
1401
1413
1414
1426
1437
1448
1455
1462
1464
1468
1489
1494
1496
1497
1500
1502
1510
1512
1520
1526
1531
1559
1560
1632
1666
1689
1725
1727
1801
1838
1842
1845
1899
1908
1911
1923
1971
2026
2032
2074
2088
2107
2116
2135
2151
2192
2238
2283
2298
2333
2357
2365
2386
2492
2593
2596
2633
2646
2770
2777
