1
15
22
32
47
73
135
254
261
285
289
326
350
463
466
469
470
472
478
481
498
511
512
515
517
521
539
550
553
556
565
581
582
584
587
593
594
597
598
611
612
614
619
630
675
693
735
753
768
781
788
792
795
798
799
819
825
837
841
870
881
937
957
966
988
1057
1310
1313
1325
1327
1328
1332
1339
1366
1369
1372
1377
1386
1389
1392
1397
1400
1401
1406
1411
1414
1416
1420
1423
1428
1438
1442
1447
1452
1455
1464
1468
1471
1477
1480
1490
1494
1498
1501
1502
1510
1512
1513
1516
1521
1523
1525
1531
1534
1559
1574
1612
1632
1666
1689
1710
1714
1721
1725
1788
1801
1819
1825
1838
1840
1845
1848
1862
1899
1908
1911
1923
2026
2032
2050
2074
2088
2089
2107
2116
2135
2173
2192
2238
2283
2298
2334
2357
2386
2440
2451
2517
2596
2612
2633
2646
2713
2775
2777
