1
13
15
19
30
33
41
54
173
323
324
463
466
469
470
476
498
511
515
517
521
523
528
541
543
551
552
553
557
582
585
587
593
594
596
598
612
619
630
675
687
694
753
788
795
819
830
840
858
966
1062
1312
1313
1324
1327
1332
1339
1366
1369
1372
1378
1404
1413
1425
1432
1434
1439
1440
1442
1445
1446
1459
1462
1463
1466
1471
1475
1481
1487
1490
1495
1496
1497
1498
1501
1502
1503
1505
1506
1507
1508
1509
1510
1511
1514
1515
1519
1526
1532
1533
1534
1537
1560
1574
1632
1641
1662
1663
1666
1668
1682
1689
1696
1711
1725
1732
1740
1755
1768
1789
1791
1809
1838
1842
1851
1883
1899
1901
1908
1911
1922
1924
1951
1962
1971
1973
1981
2024
2041
2065
2074
2087
2088
2107
2135
2151
2187
2238
2281
2298
2315
2333
2357
2374
2388
2451
2593
2613
2633
2639
2696
2707
2746
2747
2753
2771
2777
