7
8
11
19
24
26
28
29
37
68
69
70
72
73
75
77
78
79
83
84
87
88
91
98
101
105
106
111
112
115
117
118
119
121
124
126
129
131
140
145
146
147
330
339
341
343
387
389
393
397
407
415
425
427
428
429
430
433
448
455
456
462
463
466
470
473
477
480
488
489
492
493
494
495
496
499
501
504
506
508
509
510
512
513
515
517
522
524
525
527
530
550
589
591
594
597
602
609
615
632
644
653
675
699
700
706
711
715
717
724
754
792
797
808
819
820
836
848
858
871
893
933
936
989
1002
1085
1090
1098
1112
1155
1157
1212
1227
1238
1251
1258
1268
1271
1328
1339
1358
1372
1381
1383
1384
1385
1396
1406
1413
1456
1481
1526
1529
1555
1564
1638
1648
1711
1712
1721
1757
1810
1813
1819
1855
1861
1890
1925
1961
1964
1973
1986
2021
2023
2039
2046
2063
2069
2073
2084
2128
