8
28
29
40
63
66
68
69
71
78
79
80
82
99
106
108
111
116
131
133
139
140
146
199
343
386
397
415
425
434
439
466
476
486
492
500
505
506
507
513
515
517
518
523
527
542
547
548
580
589
591
602
609
615
632
644
653
675
700
717
724
730
739
740
744
751
792
797
808
819
820
836
848
858
871
893
922
927
933
936
989
1000
1001
1002
1085
1090
1098
1106
1108
1112
1122
1133
1141
1145
1166
1167
1204
1212
1227
1238
1251
1268
1271
1328
1358
1372
1382
1384
1385
1396
1406
1413
1419
1437
1454
1481
1526
1529
1537
1551
1555
1564
1573
1574
1638
1711
1712
1721
1757
1771
1810
1813
1814
1815
1819
1890
1972
2017
2020
2046
2069
2070
2073
2075
2084
2106
2128
