3
5
19
28
29
40
116
133
145
147
190
226
320
417
425
427
440
553
589
591
597
608
614
632
653
657
658
672
680
699
706
725
737
751
762
775
785
787
795
808
819
826
854
871
893
927
989
1001
1085
1114
1125
1158
1172
1178
1196
1212
1222
1227
1250
1268
1281
1315
1326
1370
1373
1398
1413
1454
1478
1490
1504
1513
1545
1555
1577
1585
1590
1644
1665
1711
1721
1740
1756
1757
1765
1785
1804
1810
1812
1821
1825
1850
1918
1937
1978
2016
2025
2039
2043
2050
2056
2063
2067
2075
2079
2084
2092
2106
2124
2130
2144
