3
5
11
19
28
29
40
116
133
140
147
252
271
329
392
415
459
539
580
591
595
597
608
632
653
688
691
696
697
698
707
715
724
751
759
783
787
790
792
795
802
813
816
819
844
850
873
883
891
922
968
978
980
989
993
1008
1018
1027
1057
1085
1101
1114
1125
1174
1176
1189
1212
1220
1221
1227
1230
1251
1258
1271
1281
1287
1314
1325
1346
1370
1373
1396
1405
1413
1427
1434
1444
1455
1461
1464
1467
1472
1480
1483
1495
1504
1534
1545
1555
1563
1590
1639
1656
1675
1680
1683
1693
1704
1712
1727
1732
1744
1747
1765
1771
1788
1792
1804
1810
1821
1825
1841
1862
1895
1902
1924
1940
1951
1970
1977
1987
2001
2015
2021
2033
2047
2064
2072
2076
2079
2082
2084
2089
2092
2098
2102
2107
2123
2124
2130
2140
2144
2147
