1
5
19
24
28
29
40
69
73
90
116
119
140
152
190
279
305
390
405
415
431
458
492
514
522
580
591
597
602
619
623
632
653
658
662
669
691
696
699
715
724
744
752
762
764
780
787
789
794
802
813
816
819
824
826
827
844
845
854
870
871
873
892
893
943
974
975
976
980
981
986
993
995
1008
1027
1053
1057
1085
1097
1112
1158
1175
1189
1212
1220
1230
1250
1253
1268
1277
1281
1285
1314
1328
1373
1391
1398
1405
1413
1427
1444
1448
1457
1467
1487
1518
1545
1577
1604
1620
1644
1656
1675
1676
1680
1693
1708
1712
1727
1740
1744
1747
1756
1768
1778
1788
1791
1793
1796
1810
1821
1826
1845
1848
1866
1887
1899
1919
1926
1940
1953
1965
2001
2014
2021
2048
2069
2078
2080
2084
2090
2092
2099
2116
2129
2131
2141
