4
5
8
13
19
24
28
29
58
68
69
78
88
90
98
116
131
133
136
140
141
147
181
190
227
313
333
380
389
425
428
430
433
456
458
470
472
480
505
522
530
553
580
589
591
594
597
605
627
653
661
699
702
727
733
740
765
779
797
809
834
853
882
898
911
951
967
969
977
989
1051
1108
1143
1162
1224
1230
1251
1266
1271
1291
1316
1355
1368
1392
1393
1394
1396
1413
1416
1446
1454
1486
1508
1511
1543
1562
1574
1593
1596
1632
1665
1681
1685
1709
1712
1735
1740
1749
1787
1791
1799
1804
1810
1819
1822
1834
1864
1877
1885
1893
1925
1940
1942
1959
1964
1989
2019
2030
2051
2067
2076
2080
2084
2101
2106
2139
2146
2152
