1
8
13
19
24
28
29
40
69
116
140
147
155
320
329
408
417
425
427
440
470
553
589
591
597
602
642
645
653
661
663
668
674
681
685
700
711
724
733
744
751
780
790
802
813
816
819
832
836
849
862
871
897
904
911
921
930
941
951
969
981
986
996
1019
1041
1061
1085
1103
1157
1212
1217
1224
1227
1229
1232
1242
1250
1253
1258
1260
1268
1274
1290
1291
1304
1331
1336
1355
1360
1363
1381
1396
1403
1406
1413
1431
1437
1454
1473
1479
1486
1508
1518
1532
1542
1547
1555
1560
1584
1593
1616
1665
1681
1685
1711
1721
1742
1757
1771
1805
1810
1815
1822
1834
1866
1876
1893
1905
1927
1944
1947
1971
1983
1995
2000
2021
2040
2077
2084
2091
2101
2106
2128
2138
2152
