4
7
19
24
28
37
40
58
116
133
140
141
147
199
223
282
333
385
389
417
422
425
431
465
553
591
608
627
641
644
660
673
700
711
722
733
740
761
779
790
809
813
819
821
841
853
862
871
893
904
911
914
931
935
986
996
1002
1019
1051
1061
1085
1125
1212
1217
1229
1237
1250
1255
1267
1269
1275
1290
1299
1305
1309
1321
1331
1335
1350
1359
1363
1368
1381
1396
1401
1413
1437
1446
1453
1456
1479
1489
1503
1538
1542
1547
1595
1616
1681
1685
1716
1787
1810
1815
1819
1831
1834
1847
1856
1866
1892
1901
1913
1916
1930
1942
1947
1961
1969
1976
1997
2021
2047
2054
2079
2084
2092
2106
2143
