4
8
19
28
29
37
40
58
116
133
140
141
152
161
167
183
201
226
258
266
295
319
321
329
344
365
388
410
425
427
440
470
553
580
589
591
602
632
641
646
652
658
661
669
678
683
689
697
700
704
713
719
732
738
752
768
771
788
792
795
813
825
843
857
861
871
878
893
911
945
975
986
999
1001
1005
1011
1014
1018
1027
1044
1054
1063
1094
1110
1189
1212
1220
1227
1232
1242
1244
1252
1256
1266
1274
1283
1289
1293
1306
1333
1357
1365
1378
1386
1395
1406
1411
1416
1423
1438
1454
1468
1474
1480
1487
1504
1511
1531
1540
1552
1554
1563
1582
1585
1598
1631
1644
1661
1670
1675
1680
1687
1695
1704
1708
1718
1721
1724
1734
1744
1749
1753
1756
1763
1767
1775
1786
1788
1810
1818
1835
1881
1890
1902
1922
1926
1933
1941
1945
1961
1971
1981
1993
2007
2010
2021
2028
2055
2076
2084
2091
2095
2113
2117
2122
2149
