6
7
12
13
19
24
28
40
116
133
140
147
274
294
333
378
394
417
424
425
431
440
470
580
591
602
608
610
613
623
627
638
646
653
669
670
692
701
715
718
722
731
740
751
762
766
779
786
788
815
819
825
846
848
871
880
931
987
993
1005
1061
1073
1086
1090
1112
1172
1190
1212
1217
1236
1244
1251
1268
1282
1292
1304
1311
1326
1339
1342
1348
1351
1373
1379
1383
1395
1398
1402
1413
1429
1437
1446
1454
1456
1461
1475
1481
1504
1526
1551
1559
1566
1585
1591
1605
1626
1636
1639
1644
1648
1669
1674
1681
1687
1690
1700
1709
1723
1728
1732
1757
1765
1770
1793
1805
1810
1815
1822
1878
1896
1961
2021
2040
2054
2073
2080
2084
2095
2120
2149
