2
10
12
18
28
29
66
116
133
146
168
197
341
389
401
417
425
427
465
470
580
591
596
602
614
632
646
652
662
669
672
679
693
718
733
751
758
766
775
786
788
798
805
818
819
825
835
848
858
871
887
897
913
933
941
948
979
984
989
1001
1005
1050
1068
1076
1122
1144
1172
1178
1190
1212
1215
1236
1244
1246
1251
1281
1304
1321
1328
1362
1370
1395
1406
1454
1481
1490
1504
1520
1526
1555
1582
1613
1639
1648
1667
1681
1711
1721
1730
1746
1751
1756
1767
1771
1782
1796
1803
1805
1810
1815
1824
1846
1890
1923
1962
1979
2021
2028
2032
2040
2050
2053
2066
2073
2085
2096
2120
2146
2150
