2
4
10
18
24
28
29
30
37
68
72
107
129
131
132
140
153
164
180
198
225
239
256
258
265
270
272
277
283
341
344
363
380
387
401
410
419
421
425
431
443
459
463
470
530
533
543
580
589
591
595
602
630
632
638
645
652
661
662
664
667
676
688
700
703
713
715
719
729
751
758
763
768
770
774
786
788
790
792
794
798
801
804
809
816
825
841
871
906
936
976
981
989
1002
1017
1071
1103
1117
1122
1132
1158
1164
1165
1178
1188
1197
1212
1220
1229
1244
1252
1257
1273
1281
1297
1306
1332
1357
1360
1396
1411
1413
1423
1445
1451
1467
1471
1473
1491
1513
1522
1534
1545
1554
1555
1559
1566
1578
1580
1582
1587
1596
1603
1621
1624
1633
1645
1655
1664
1673
1695
1697
1708
1722
1752
1755
1769
1793
1802
1805
1812
1889
1890
1925
1939
1941
1964
1979
1990
2019
2020
2031
2054
2065
2070
2084
2103
2108
2133
2146
2152
