2
5
7
10
12
18
24
26
28
29
42
66
116
133
140
146
180
274
290
329
349
380
394
407
411
425
427
465
516
537
540
577
579
580
588
591
595
597
599
605
610
614
627
638
653
665
667
680
693
700
711
718
730
741
751
761
764
766
781
786
805
818
819
826
846
855
860
871
893
906
918
924
941
971
988
1043
1076
1110
1112
1118
1144
1158
1162
1172
1181
1185
1194
1214
1217
1219
1239
1244
1251
1256
1282
1295
1304
1321
1324
1335
1342
1344
1350
1370
1382
1389
1394
1398
1401
1406
1421
1429
1437
1445
1446
1455
1461
1475
1490
1508
1511
1529
1535
1545
1555
1565
1571
1577
1578
1587
1600
1613
1619
1621
1639
1644
1648
1665
1671
1680
1684
1689
1702
1709
1718
1730
1732
1740
1746
1750
1757
1762
1766
1770
1779
1793
1795
1797
1803
1805
1808
1810
1815
1821
1823
1861
1875
1890
1896
1926
1947
1962
1979
2014
2016
2021
2032
2046
2054
2073
2076
2080
2082
2084
2095
2105
2146
2150
