1
6
15
29
30
32
36
43
90
119
124
125
127
128
152
321
463
466
470
471
472
477
485
486
498
510
517
521
529
536
537
548
549
550
552
554
563
581
582
593
597
612
616
617
661
694
705
717
734
748
769
788
804
818
819
828
844
851
879
880
883
904
935
976
979
990
1107
1181
1304
1312
1313
1323
1327
1329
1366
1367
1370
1390
1403
1414
1497
1507
1509
1519
1534
1555
1559
1560
1595
1612
1638
1666
1674
1839
1844
1882
1901
1908
1910
1914
1920
1962
1969
1973
1979
2022
2026
2032
2310
2335
2365
2386
2440
2450
2468
2488
2497
2503
2593
2604
2613
