1
4
5
6
9
12
15
16
30
39
54
119
120
125
127
128
152
209
321
466
468
470
472
474
477
478
485
486
489
496
498
503
512
513
521
528
529
537
548
549
550
552
557
582
583
585
593
594
596
597
604
608
614
616
665
717
753
765
768
787
795
804
819
830
840
844
862
880
882
883
904
917
984
1067
1107
1145
1308
1313
1326
1327
1329
1363
1366
1367
1370
1374
1379
1393
1497
1509
1511
1512
1514
1519
1521
1526
1534
1542
1555
1557
1558
1559
1613
1627
1628
1638
1639
1655
1666
1675
1680
1686
1689
1746
1778
1791
1819
1839
1885
1888
1895
1901
1908
1910
1914
1965
1969
2026
2032
2374
2393
2456
2472
2593
2612
2613
2614
2691
2770
