1
4
6
14
15
19
26
30
32
34
36
40
45
58
77
98
113
119
124
125
127
128
147
152
157
170
209
212
318
321
335
405
444
463
464
465
466
468
470
476
486
487
488
494
505
510
517
521
529
536
549
552
571
582
587
593
594
597
598
608
611
612
613
614
619
621
622
623
635
636
637
667
681
687
691
693
710
717
719
738
739
762
766
788
795
799
800
804
806
807
812
813
815
816
819
820
822
830
836
840
843
846
862
875
882
883
896
907
910
922
930
931
966
967
976
977
978
981
991
1004
1006
1009
1011
1045
1051
1053
1060
1067
1070
1102
1107
1122
1149
1190
1306
1308
1309
1310
1313
1327
1366
1370
1509
1512
1534
1551
1555
1560
1573
1612
1614
1615
1617
1625
1631
1635
1662
1666
1678
1689
1690
1693
1696
1697
1723
1725
1770
1789
1792
1800
1801
1806
1810
1823
1830
1842
1851
1884
1888
1890
1908
1910
1920
1923
1969
1982
2026
2032
2074
2334
2351
2365
2386
2451
2492
2533
2593
2770
