1
9
14
15
25
30
81
91
119
124
125
127
128
133
152
160
321
463
466
469
470
486
498
510
529
532
549
582
594
597
598
601
603
614
616
687
705
780
788
794
819
833
839
843
845
865
883
886
907
965
989
1089
1107
1145
1322
1327
1370
1374
1509
1534
1555
1589
1659
1666
1689
1725
1849
1862
1900
1908
1909
1910
1911
1912
1913
1914
1918
1919
1920
1945
1946
1959
1966
1969
1970
1973
1975
1995
2001
2003
2004
2006
2007
2102
2291
2323
2324
2329
2338
2345
2364
2374
2379
2380
2390
2546
2593
2596
2615
2628
2632
2635
2636
2644
2648
2649
2654
2658
2660
2661
2664
2665
2666
2667
2670
2673
2677
2696
2764
2780
