2
4
6
9
14
20
25
28
30
32
36
43
44
48
49
51
61
62
75
83
88
91
98
110
113
119
124
125
126
127
128
131
133
147
152
156
157
168
170
171
197
209
317
321
372
408
463
464
466
470
487
488
491
494
510
517
521
529
532
549
571
573
582
593
594
597
598
601
614
619
630
665
705
717
766
772
788
795
799
807
819
840
843
880
883
966
1031
1107
1145
1306
1313
1327
1329
1367
1370
1390
1414
1457
1471
1509
1524
1534
1551
1553
1560
1563
1666
1753
1842
1845
1884
1910
1914
1916
1917
1920
1923
1929
1937
1942
1943
1955
1959
1966
1967
1969
1970
1971
1975
1976
1978
1980
1990
1992
1993
1997
1999
2002
2008
2009
2010
2014
2015
2024
2027
2029
2032
2037
2047
2053
2054
2057
2058
2060
2061
2070
2074
2087
2089
2098
2102
2143
2160
2169
2180
2182
2185
2190
2208
2223
2243
2288
2291
2301
2322
2334
2353
2364
2374
2378
2386
2390
2391
2412
2469
2472
2493
2501
2532
2544
2560
2585
2593
2603
2606
2614
