1
2
4
5
6
9
11
13
15
25
28
30
36
48
49
51
58
61
62
119
124
125
127
152
208
226
263
273
280
313
330
335
358
359
373
386
405
416
442
463
464
467
469
470
471
473
486
496
505
510
517
521
529
549
570
593
594
597
598
611
614
621
665
691
699
717
764
766
788
799
805
819
821
836
840
842
846
850
859
867
882
883
898
916
918
930
934
942
944
966
975
990
1004
1006
1009
1015
1021
1056
1060
1072
1081
1087
1187
1258
1309
1313
1317
1327
1329
1335
1367
1370
1425
1509
1519
1527
1533
1548
1559
1560
1611
1614
1617
1618
1656
1666
1670
1690
1722
1770
1771
1775
1780
1789
1800
1812
1848
1853
1862
1881
1885
1914
1982
2032
2057
2058
2074
2386
2492
2533
2770
2775
