4
10
14
20
25
28
32
36
42
49
57
60
66
74
77
81
87
89
93
98
106
111
118
119
127
132
137
138
141
163
168
174
187
198
218
220
224
227
232
233
236
240
248
254
266
270
282
285
289
290
294
300
318
323
324
329
344
352
354
356
358
366
372
373
394
395
397
402
411
416
486
517
519
545
778
857
1399
1402
1404
1406
1413
1418
1422
1436
1483
1647
1662
1669
1675
1683
1700
1713
1723
1748
1764
1766
1784
1787
1794
1813
1818
1820
1836
1837
1841
1853
1856
1879
1894
1896
1903
1910
1932
1960
1968
1973
1979
1985
1989
1993
2001
2017
2021
2028
2039
2045
2047
2055
2063
2083
2087
2095
2111
2115
2118
2119
2122
2161
2253
2747
2787
2837
3077
3322
3329
3467
3675
