6
14
52
60
106
111
131
141
231
235
243
395
411
416
543
545
750
979
1397
1399
1406
1436
1662
1679
1712
1789
1797
1841
1992
2127
2132
2189
2257
2511
2600
2770
2773
2787
2810
2811
2812
2813
2814
2815
2816
2817
2818
2819
2820
2821
2822
2823
2824
2825
2826
2827
2828
2829
2830
2831
2832
2833
2834
2835
2836
2838
2839
2840
2841
2842
2843
2844
2845
2846
2847
2848
2849
2850
2851
2852
2853
2854
2855
2856
2857
2858
2859
2860
2861
2862
2863
2865
2867
2868
2870
2871
2872
2873
2874
2875
2877
2878
2882
2884
2886
2887
2889
2890
2891
2892
2893
2894
2895
2896
2897
2898
2899
2900
2901
2902
2903
2904
2905
2906
2907
2908
2909
2912
2913
2914
2916
2917
2918
2920
2921
2923
2924
2925
2926
2927
2928
2929
2930
2931
2933
2934
2935
2936
2937
2938
2939
2940
2941
2942
2943
2944
2946
2947
2948
2950
2951
2952
2953
2954
2955
2956
2957
2958
2959
2961
2962
2963
2965
2966
2967
2968
2970
2971
2972
2973
2974
2975
2976
2977
2978
2979
2980
2983
3008
3009
3010
3011
3015
3016
3018
3019
3020
3021
3022
3025
3026
3027
3028
3065
3071
3077
3353
3675
