14
25
52
58
60
69
78
81
96
102
110
111
127
143
167
168
181
186
195
202
213
231
235
243
381
395
403
411
416
486
517
520
535
543
546
551
625
644
665
700
701
703
725
733
737
741
763
766
780
781
794
801
807
810
820
822
833
837
841
848
860
864
865
875
877
895
897
901
911
926
939
951
952
953
954
957
968
983
985
992
1020
1038
1067
1086
1093
1105
1128
1136
1137
1139
1182
1222
1239
1245
1269
1273
1303
1306
1323
1333
1345
1359
1364
1367
1375
1384
1390
1397
1399
1406
1409
1422
1433
1436
1441
1450
1453
1483
1642
1662
1669
1703
1713
1723
1757
1974
1992
2019
2127
2161
2233
2235
2787
2819
2983
3077
3322
3329
3376
3467
3474
3675
