25
35
53
58
60
70
78
88
96
111
125
134
145
162
163
164
175
183
199
231
235
243
395
403
411
416
486
502
518
520
546
598
610
625
627
628
630
641
644
674
730
778
806
819
831
846
870
896
931
943
952
966
979
1017
1023
1053
1073
1111
1138
1150
1221
1287
1340
1382
1397
1399
1403
1404
1412
1422
1436
1454
1483
1642
1662
1666
1669
1672
1673
1675
1682
1703
1711
1713
1715
1723
1741
1771
1778
1789
1799
1818
1846
1881
1888
1889
1992
2019
2127
2161
2215
2276
2787
2819
2914
3065
3077
3322
3329
3353
3467
3640
3675
