3
6
14
25
28
32
35
52
53
58
60
61
62
63
64
70
71
78
79
81
87
89
90
94
96
99
100
102
105
106
111
112
113
125
126
131
133
134
135
137
139
141
148
152
154
162
163
165
171
172
174
175
176
182
184
190
207
213
214
215
223
227
231
233
235
238
243
244
253
255
263
271
277
281
295
318
319
323
327
331
332
346
349
360
364
369
381
395
397
400
401
402
403
408
411
412
416
418
447
486
487
517
518
519
520
543
545
546
565
598
607
636
660
716
730
746
778
810
812
825
843
857
889
928
1374
1393
1397
1399
1401
1402
1403
1405
1406
1409
1410
1412
1417
1419
1420
1421
1422
1426
1436
1444
1449
1457
1458
1483
1491
1501
1504
1535
1583
1604
1606
1642
1649
1651
1654
1658
1659
1660
1661
1662
1663
1666
1667
1669
1671
1677
1679
1680
1681
1682
1689
1695
1697
1703
1704
1705
1706
1707
1708
1710
1712
1713
1714
1715
1717
1719
1720
1722
1723
1729
1731
1735
1737
1739
1741
1742
1744
1746
1747
1748
1750
1751
1757
1771
1778
1781
1785
1790
1797
1801
1805
1807
1813
1815
1816
1817
1818
1844
1846
1860
1873
1878
1879
1882
1887
1889
1898
1928
1936
1937
1938
1939
1945
1946
1948
1949
1979
1981
1982
1983
1984
1992
1996
2005
2019
2024
2047
2050
2052
2071
2115
2116
2117
2119
2120
2127
2154
2161
2169
2170
2215
2253
2257
2275
2276
2770
2787
2810
2819
2882
2914
2983
3065
3077
3119
3127
3202
3270
3320
3322
3329
3342
3353
3366
3467
3474
3538
3616
3640
3658
3675
