25
58
60
67
78
90
107
125
131
134
152
159
163
165
172
190
231
235
243
263
346
381
395
403
411
414
475
485
491
511
518
535
539
543
545
564
730
778
789
810
837
939
979
1019
1087
1118
1157
1287
1308
1339
1342
1364
1367
1393
1397
1399
1415
1422
1436
1469
1483
1504
1583
1608
1617
1628
1642
1654
1662
1683
1700
1703
1712
1713
1716
1723
1755
1764
1772
1781
1790
1798
1823
1861
1905
1992
2019
2127
2140
2161
2165
2183
2196
2226
2243
2275
2394
2587
2787
2804
2813
2865
2894
2983
2985
2991
3050
3065
3077
3082
3228
3273
3317
3321
3322
3331
3345
3354
3369
3377
3405
3474
3547
3658
3661
3675
3690
