25
58
60
79
102
115
125
131
146
152
159
163
165
179
187
190
213
231
238
381
395
403
411
416
491
518
527
533
543
546
569
571
601
660
711
718
730
750
798
834
835
837
858
881
917
924
943
948
967
969
976
977
985
991
1002
1034
1047
1049
1060
1064
1071
1085
1100
1127
1137
1152
1202
1220
1246
1260
1272
1278
1292
1310
1323
1331
1333
1335
1352
1367
1387
1397
1399
1422
1433
1483
1583
1642
1662
1669
1703
1712
1746
1789
1797
1799
1879
1992
2019
2127
2158
2161
2203
2418
2786
2787
2983
3065
3077
3320
3322
3329
3342
3467
3640
3675
