25
58
62
68
72
78
105
111
115
128
141
149
152
158
161
168
182
197
204
231
235
381
395
403
411
416
486
491
518
520
531
585
598
610
614
625
636
638
657
659
665
686
697
726
733
737
750
776
780
785
798
811
819
830
835
857
865
870
911
917
925
952
994
1009
1023
1058
1064
1073
1087
1111
1134
1138
1193
1255
1279
1319
1343
1348
1367
1375
1397
1399
1406
1418
1422
1434
1436
1441
1451
1454
1467
1483
1538
1583
1642
1645
1662
1669
1703
1712
1723
1757
1789
1797
1879
1992
1996
2019
2116
2161
2196
2215
2235
2236
2241
2252
2276
2396
2548
2786
2793
2819
2881
2971
2983
2987
3065
3077
3184
3261
3322
3467
3474
3675
