25
53
58
60
62
66
70
78
82
90
97
102
107
110
116
120
128
136
137
143
156
162
165
171
177
182
186
193
195
199
201
204
212
214
222
231
235
243
385
394
395
403
411
412
416
433
439
479
484
486
491
494
500
503
507
518
520
533
541
545
549
556
565
572
578
581
585
591
608
633
640
665
669
673
676
689
697
708
716
726
737
744
766
798
816
825
832
845
858
862
870
887
895
916
917
937
944
952
964
991
997
1009
1066
1073
1086
1100
1129
1141
1165
1169
1193
1222
1236
1238
1253
1259
1262
1269
1272
1277
1289
1298
1303
1305
1310
1313
1325
1332
1339
1342
1367
1387
1396
1397
1399
1400
1403
1417
1422
1436
1441
1454
1473
1540
1642
1645
1665
1669
1692
1703
1712
1716
1722
1723
1741
1789
1797
1821
1853
1882
1926
1953
1968
1972
1976
1992
2081
2122
2127
2161
2195
2203
2236
2239
2263
2276
2396
2787
2838
2983
2987
3065
3077
3260
3317
3322
3366
3467
3675
3678
3682
