25
58
67
78
97
113
134
162
165
231
235
255
263
277
346
364
395
403
411
416
441
451
485
494
499
507
514
518
519
535
539
543
546
556
564
567
578
579
585
587
610
630
636
643
652
663
673
676
726
750
763
783
789
798
837
845
860
895
958
969
1026
1050
1058
1071
1087
1088
1098
1150
1199
1253
1259
1265
1352
1396
1399
1412
1422
1436
1442
1453
1469
1476
1483
1502
1534
1538
1607
1623
1642
1649
1662
1669
1712
1722
1755
1771
1772
1773
1789
1790
1798
1823
1905
1992
2005
2127
2158
2160
2172
2186
2200
2226
2235
2241
2396
2585
2586
2604
2787
2813
2970
2983
2988
3059
3065
3069
3072
3126
3184
3248
3262
3289
3321
3329
3337
3345
3356
3361
3366
3376
3380
3383
3400
3403
3497
3621
3652
3653
3654
3655
3658
3675
3677
3678
3689
3692
