14
58
64
78
105
125
141
165
184
215
231
235
381
395
403
411
415
440
454
469
482
485
491
498
507
517
520
522
524
539
545
550
564
573
578
580
585
598
608
616
636
639
649
652
656
657
663
674
691
724
750
763
779
785
789
798
810
820
825
826
837
857
879
890
896
900
978
1050
1054
1073
1088
1095
1103
1112
1113
1139
1143
1150
1164
1253
1296
1311
1343
1397
1399
1422
1430
1436
1442
1452
1463
1467
1476
1483
1493
1534
1574
1607
1615
1623
1642
1662
1669
1703
1713
1723
1879
1905
2127
2132
2145
2158
2160
2166
2185
2195
2198
2226
2233
2239
2396
2784
2787
2825
2981
2984
2989
3033
3063
3065
3072
3104
3183
3316
3322
3336
3337
3363
3367
3380
3403
3417
3454
3469
3610
3613
3614
3625
3654
3675
3678
3680
3685
3688
3692
