25
32
37
50
58
78
90
94
98
111
130
141
148
165
173
180
183
194
216
218
231
235
244
250
295
310
319
327
349
395
397
403
411
415
439
447
477
486
498
518
543
631
652
691
730
778
841
857
886
1021
1070
1098
1203
1260
1397
1399
1401
1407
1417
1422
1436
1455
1467
1483
1491
1501
1642
1646
1662
1666
1669
1686
1688
1697
1703
1712
1723
1729
1757
1770
1785
1790
1797
1810
1868
1888
1898
1905
1907
1926
1928
1977
1985
1988
1992
1995
1996
2019
2074
2090
2127
2161
2215
2276
2588
2787
2840
2919
2983
3065
3077
3322
3375
3467
3640
3675
