14
17
21
28
31
43
44
51
58
60
63
66
68
78
89
93
98
114
123
142
146
175
179
211
214
220
225
231
236
240
243
248
257
259
264
268
271
280
283
288
297
300
310
314
315
318
321
326
328
333
336
337
338
342
348
353
357
362
367
382
395
400
401
403
407
411
416
486
518
520
730
810
857
1397
1399
1400
1404
1412
1417
1421
1436
1483
1642
1644
1646
1647
1658
1661
1662
1666
1668
1671
1673
1674
1677
1681
1684
1687
1697
1703
1708
1712
1718
1723
1727
1730
1736
1748
1758
1763
1765
1775
1779
1785
1787
1792
1797
1803
1808
1813
1817
1820
1831
1840
1846
1853
1856
1866
1879
1888
1891
1894
1899
1903
1908
1912
1921
1926
1934
1942
1944
1960
1963
1965
1971
1976
1981
1985
1992
2001
2003
2007
2035
2044
2068
2083
2096
2106
2119
2125
2127
2161
2276
2787
2914
2983
3077
3322
3329
3467
3675
