13
17
20
24
28
33
46
58
59
64
66
78
82
89
93
98
116
146
171
182
190
192
210
212
220
222
226
231
235
241
243
247
249
254
257
263
266
269
277
281
285
290
296
299
302
315
318
324
328
330
334
336
338
342
347
352
353
357
359
364
368
373
395
398
399
400
402
405
407
411
416
517
543
730
810
857
1397
1398
1400
1403
1404
1412
1417
1418
1421
1422
1436
1483
1643
1644
1645
1647
1650
1658
1661
1663
1665
1667
1669
1671
1673
1678
1681
1682
1686
1694
1703
1709
1712
1714
1722
1727
1731
1733
1736
1745
1752
1764
1774
1781
1787
1790
1792
1795
1799
1803
1808
1810
1812
1814
1820
1823
1829
1831
1835
1836
1846
1847
1849
1853
1854
1856
1860
1865
1868
1873
1881
1888
1897
1900
1902
1904
1910
1913
1918
1921
1924
1929
1933
1944
1953
1960
1965
1972
1980
1985
1992
2001
2014
2016
2021
2033
2049
2056
2061
2065
2081
2097
2109
2120
2122
2124
2161
2787
2819
3065
3077
3322
3329
3675
