25
58
64
78
99
105
131
152
163
190
231
235
255
381
395
403
411
518
543
546
660
730
778
810
1397
1399
1422
1436
1483
1642
1662
1669
1712
1723
1879
1992
2127
2186
2198
2213
2236
2246
2248
2251
2259
2261
2265
2269
2275
2282
2292
2296
2302
2306
2310
2316
2318
2324
2325
2355
2367
2374
2380
2389
2404
2407
2410
2414
2418
2421
2442
2449
2457
2466
2478
2499
2507
2530
2557
2563
2570
2574
2604
2616
2624
2628
2631
2654
2667
2684
2694
2716
2774
2775
2776
2779
2781
2791
2796
2801
2805
2809
2819
2983
2987
3065
3077
3112
3140
3170
3185
3195
3205
3220
3255
3275
3300
3317
3322
3329
3467
3675
3682
